0 0.42410714285714285 0.07477678571428571 0.4263392857142857 0.060267857142857144
0 0.44642857142857145 0.16852678571428573 0.45535714285714285 0.049107142857142856
0 0.4810267857142857 0.2578125 0.49776785714285715 0.06919642857142858
0 0.42410714285714285 0.35825892857142855 0.3794642857142857 0.046875
0 0.40513392857142855 0.453125 0.3392857142857143 0.049107142857142856
0 0.5055803571428571 0.5792410714285714 0.53125 0.08928571428571429
0 0.47433035714285715 0.6685267857142857 0.4732142857142857 0.11160714285714286
0 0.41629464285714285 0.7466517857142857 0.34375 0.044642857142857144
0 0.5111607142857143 0.8136160714285714 0.5535714285714286 0.07589285714285714
0 0.46875 0.9229910714285714 0.4642857142857143 0.05580357142857143
1 0.24441964285714285 0.08928571428571429 0.04017857142857143 0.020089285714285716
1 0.24553571428571427 0.17633928571428573 0.03794642857142857 0.022321428571428572
1 0.25223214285714285 0.27901785714285715 0.033482142857142856 0.020089285714285716
1 0.2578125 0.36049107142857145 0.03794642857142857 0.026785714285714284
1 0.25669642857142855 0.453125 0.04017857142857143 0.022321428571428572
1 0.26339285714285715 0.5502232142857143 0.03794642857142857 0.017857142857142856
1 0.2611607142857143 0.6529017857142857 0.03794642857142857 0.017857142857142856
1 0.26339285714285715 0.7566964285714286 0.029017857142857144 0.017857142857142856
1 0.2622767857142857 0.8348214285714286 0.046875 0.026785714285714284
1 0.26674107142857145 0.9241071428571429 0.044642857142857144 0.022321428571428572