0 0.05133928571428571 0.49107142857142855 0.10267857142857142 0.484375
0 0.15625 0.46651785714285715 0.08035714285714286 0.515625
0 0.23660714285714285 0.5881696428571429 0.05803571428571429 0.765625
0 0.3359375 0.46205357142857145 0.07142857142857142 0.5089285714285714
0 0.453125 0.45089285714285715 0.07589285714285714 0.484375
0 0.5379464285714286 0.4486607142857143 0.07589285714285714 0.49107142857142855
0 0.6060267857142857 0.42857142857142855 0.06919642857142858 0.49107142857142855
0 0.7276785714285714 0.5033482142857143 0.10044642857142858 0.5647321428571429
0 0.8303571428571429 0.46205357142857145 0.08928571428571429 0.47098214285714285
0 0.9129464285714286 0.5022321428571429 0.07366071428571429 0.6227678571428571
1 0.07700892857142858 0.28236607142857145 0.03125 0.06473214285714286
1 0.15290178571428573 0.24107142857142858 0.03125 0.049107142857142856
1 0.22767857142857142 0.23549107142857142 0.029017857142857144 0.05133928571428571
1 0.32700892857142855 0.2421875 0.033482142857142856 0.05580357142857143
1 0.43080357142857145 0.24330357142857142 0.026785714285714284 0.05357142857142857
1 0.5178571428571429 0.22879464285714285 0.026785714285714284 0.049107142857142856
1 0.59375 0.20424107142857142 0.03571428571428571 0.03794642857142857
1 0.7053571428571429 0.25 0.033482142857142856 0.044642857142857144
1 0.8069196428571429 0.25558035714285715 0.026785714285714284 0.046875
1 0.8962053571428571 0.22544642857142858 0.026785714285714284 0.05357142857142857