0 0.49330357142857145 0.9051339285714286 0.3794642857142857 0.18973214285714285
0 0.453125 0.7366071428571429 0.47767857142857145 0.10267857142857142
0 0.4029017857142857 0.6584821428571429 0.5446428571428571 0.05357142857142857
0 0.5357142857142857 0.5725446428571429 0.29464285714285715 0.03571428571428571
0 0.5435267857142857 0.48549107142857145 0.29017857142857145 0.049107142857142856
0 0.5569196428571429 0.40736607142857145 0.26339285714285715 0.05803571428571429
0 0.49888392857142855 0.28013392857142855 0.3950892857142857 0.08928571428571429
0 0.5345982142857143 0.21316964285714285 0.3236607142857143 0.07366071428571429
0 0.4799107142857143 0.15401785714285715 0.4575892857142857 0.08482142857142858
0 0.46763392857142855 0.078125 0.4642857142857143 0.07142857142857142
1 0.6540178571428571 0.8415178571428571 0.03794642857142857 0.03125
1 0.6584821428571429 0.7544642857142857 0.04241071428571429 0.029017857142857144
1 0.6529017857142857 0.6495535714285714 0.03125 0.017857142857142856
1 0.6662946428571429 0.5714285714285714 0.026785714285714284 0.022321428571428572
1 0.6662946428571429 0.49441964285714285 0.03571428571428571 0.017857142857142856
1 0.6674107142857143 0.3984375 0.033482142857142856 0.015625
1 0.6696428571428571 0.30245535714285715 0.03125 0.03125
1 0.6752232142857143 0.21428571428571427 0.026785714285714284 0.017857142857142856
1 0.6785714285714286 0.1328125 0.04017857142857143 0.026785714285714284
1 0.6774553571428571 0.05915178571428571 0.033482142857142856 0.024553571428571428