0 0.37276785714285715 0.9341517857142857 0.38839285714285715 0.06919642857142858
0 0.37276785714285715 0.8370535714285714 0.375 0.08035714285714286
0 0.37388392857142855 0.7287946428571429 0.38392857142857145 0.03125
0 0.3638392857142857 0.6350446428571429 0.38392857142857145 0.04241071428571429
0 0.4017857142857143 0.5513392857142857 0.46875 0.029017857142857144
0 0.34151785714285715 0.45535714285714285 0.35267857142857145 0.05357142857142857
0 0.32254464285714285 0.36160714285714285 0.32589285714285715 0.046875
0 0.32589285714285715 0.234375 0.34375 0.07589285714285714
0 0.375 0.16183035714285715 0.4419642857142857 0.044642857142857144
0 0.3549107142857143 0.05133928571428571 0.40625 0.06919642857142858
1 0.20200892857142858 0.8136160714285714 0.03125 0.020089285714285716
1 0.19642857142857142 0.7243303571428571 0.024553571428571428 0.017857142857142856
1 0.19308035714285715 0.6283482142857143 0.033482142857142856 0.022321428571428572
1 0.19419642857142858 0.5491071428571429 0.03571428571428571 0.015625
1 0.1875 0.44308035714285715 0.03125 0.022321428571428572
1 0.17633928571428573 0.35379464285714285 0.026785714285714284 0.020089285714285716
1 0.17857142857142858 0.2578125 0.03571428571428571 0.022321428571428572
1 0.1796875 0.16741071428571427 0.04241071428571429 0.017857142857142856
1 0.17745535714285715 0.06696428571428571 0.04017857142857143 0.026785714285714284