0 0.4140625 0.05133928571428571 0.515625 0.06919642857142858
0 0.41629464285714285 0.15848214285714285 0.5401785714285714 0.033482142857142856
0 0.45870535714285715 0.24441964285714285 0.6071428571428571 0.07142857142857142
0 0.36830357142857145 0.3560267857142857 0.38392857142857145 0.08258928571428571
0 0.37276785714285715 0.45870535714285715 0.42857142857142855 0.10044642857142858
0 0.49330357142857145 0.5379464285714286 0.6473214285714286 0.049107142857142856
0 0.43638392857142855 0.6328125 0.5535714285714286 0.06696428571428571
0 0.35044642857142855 0.7522321428571429 0.36160714285714285 0.08482142857142858
0 0.4296875 0.8415178571428571 0.5357142857142857 0.08928571428571429
0 0.37276785714285715 0.8962053571428571 0.40625 0.05803571428571429
1 0.18638392857142858 0.07142857142857142 0.046875 0.022321428571428572
1 0.18191964285714285 0.15290178571428573 0.04241071428571429 0.022321428571428572
1 0.18973214285714285 0.22321428571428573 0.04241071428571429 0.022321428571428572
1 0.19754464285714285 0.32589285714285715 0.03794642857142857 0.017857142857142856
1 0.18638392857142858 0.42299107142857145 0.03571428571428571 0.022321428571428572
1 0.19419642857142858 0.5290178571428571 0.03571428571428571 0.026785714285714284
1 0.18526785714285715 0.6439732142857143 0.04017857142857143 0.022321428571428572
1 0.18861607142857142 0.7243303571428571 0.03125 0.026785714285714284
1 0.18861607142857142 0.8091517857142857 0.04241071428571429 0.013392857142857142
1 0.1953125 0.9118303571428571 0.03794642857142857 0.017857142857142856