0 0.9051339285714286 0.5066964285714286 0.18973214285714285 0.3794642857142857
0 0.7366071428571429 0.546875 0.10267857142857142 0.47767857142857145
0 0.6584821428571429 0.5970982142857143 0.05357142857142857 0.5446428571428571
0 0.5725446428571429 0.4642857142857143 0.03571428571428571 0.29464285714285715
0 0.48549107142857145 0.4564732142857143 0.049107142857142856 0.29017857142857145
0 0.40736607142857145 0.44308035714285715 0.05803571428571429 0.26339285714285715
0 0.28013392857142855 0.5011160714285714 0.08928571428571429 0.3950892857142857
0 0.21316964285714285 0.4654017857142857 0.07366071428571429 0.3236607142857143
0 0.15401785714285715 0.5200892857142857 0.08482142857142858 0.4575892857142857
0 0.078125 0.5323660714285714 0.07366071428571429 0.46205357142857145
1 0.8415178571428571 0.34598214285714285 0.03125 0.03794642857142857
1 0.7544642857142857 0.34151785714285715 0.029017857142857144 0.04241071428571429
1 0.6495535714285714 0.3470982142857143 0.017857142857142856 0.03125
1 0.5714285714285714 0.33370535714285715 0.022321428571428572 0.026785714285714284
1 0.49441964285714285 0.33370535714285715 0.017857142857142856 0.03571428571428571
1 0.3984375 0.3325892857142857 0.015625 0.033482142857142856
1 0.30245535714285715 0.33035714285714285 0.03125 0.03125
1 0.21428571428571427 0.3247767857142857 0.017857142857142856 0.026785714285714284
1 0.1328125 0.32142857142857145 0.026785714285714284 0.04017857142857143
1 0.05915178571428571 0.32254464285714285 0.024553571428571428 0.033482142857142856