0 0.49330357142857145 0.09486607142857142 0.3794642857142857 0.18973214285714285
0 0.453125 0.26339285714285715 0.47767857142857145 0.10267857142857142
0 0.4029017857142857 0.34151785714285715 0.5446428571428571 0.05357142857142857
0 0.5357142857142857 0.42745535714285715 0.29464285714285715 0.03571428571428571
0 0.5435267857142857 0.5145089285714286 0.29017857142857145 0.049107142857142856
0 0.5569196428571429 0.5926339285714286 0.26339285714285715 0.05803571428571429
0 0.49888392857142855 0.7198660714285714 0.3950892857142857 0.08928571428571429
0 0.5345982142857143 0.7868303571428571 0.3236607142857143 0.07366071428571429
0 0.4799107142857143 0.8459821428571429 0.4575892857142857 0.08482142857142858
0 0.46763392857142855 0.921875 0.4642857142857143 0.07366071428571429
1 0.6540178571428571 0.15848214285714285 0.03794642857142857 0.03125
1 0.6584821428571429 0.24553571428571427 0.04241071428571429 0.029017857142857144
1 0.6529017857142857 0.35044642857142855 0.03125 0.017857142857142856
1 0.6662946428571429 0.42857142857142855 0.026785714285714284 0.022321428571428572
1 0.6662946428571429 0.5055803571428571 0.03571428571428571 0.017857142857142856
1 0.6674107142857143 0.6015625 0.033482142857142856 0.015625
1 0.6696428571428571 0.6975446428571429 0.03125 0.03125
1 0.6752232142857143 0.7857142857142857 0.026785714285714284 0.017857142857142856
1 0.6785714285714286 0.8671875 0.04017857142857143 0.029017857142857144
1 0.6774553571428571 0.9408482142857143 0.033482142857142856 0.024553571428571428