0 0.5089285714285714 0.9486607142857143 0.484375 0.10267857142857142
0 0.5334821428571429 0.84375 0.515625 0.08035714285714286
0 0.41183035714285715 0.7633928571428571 0.765625 0.05803571428571429
0 0.5379464285714286 0.6640625 0.5089285714285714 0.07142857142857142
0 0.5491071428571429 0.546875 0.484375 0.07589285714285714
0 0.5513392857142857 0.46205357142857145 0.49107142857142855 0.07589285714285714
0 0.5714285714285714 0.3939732142857143 0.49107142857142855 0.06919642857142858
0 0.4966517857142857 0.27232142857142855 0.5647321428571429 0.10044642857142858
0 0.5379464285714286 0.16964285714285715 0.47098214285714285 0.08928571428571429
0 0.49776785714285715 0.08705357142857142 0.6227678571428571 0.07366071428571429
1 0.7176339285714286 0.9229910714285714 0.06473214285714286 0.03125
1 0.7589285714285714 0.8470982142857143 0.049107142857142856 0.03125
1 0.7645089285714286 0.7723214285714286 0.05133928571428571 0.029017857142857144
1 0.7578125 0.6729910714285714 0.05580357142857143 0.033482142857142856
1 0.7566964285714286 0.5691964285714286 0.05357142857142857 0.026785714285714284
1 0.7712053571428571 0.48214285714285715 0.049107142857142856 0.026785714285714284
1 0.7957589285714286 0.40625 0.03794642857142857 0.03571428571428571
1 0.75 0.29464285714285715 0.044642857142857144 0.033482142857142856
1 0.7444196428571429 0.19308035714285715 0.046875 0.026785714285714284
1 0.7745535714285714 0.10379464285714286 0.05357142857142857 0.026785714285714284