0 0.05133928571428571 0.5859375 0.06696428571428571 0.515625
0 0.15848214285714285 0.5837053571428571 0.033482142857142856 0.5401785714285714
0 0.24441964285714285 0.5412946428571429 0.07142857142857142 0.6071428571428571
0 0.3560267857142857 0.6316964285714286 0.08258928571428571 0.38392857142857145
0 0.45870535714285715 0.6272321428571429 0.10044642857142858 0.42857142857142855
0 0.5379464285714286 0.5066964285714286 0.049107142857142856 0.6473214285714286
0 0.6328125 0.5636160714285714 0.06696428571428571 0.5535714285714286
0 0.7522321428571429 0.6495535714285714 0.08482142857142858 0.36160714285714285
0 0.8415178571428571 0.5703125 0.08928571428571429 0.5357142857142857
0 0.8962053571428571 0.6272321428571429 0.05803571428571429 0.40625
1 0.07142857142857142 0.8136160714285714 0.022321428571428572 0.046875
1 0.15290178571428573 0.8180803571428571 0.022321428571428572 0.04241071428571429
1 0.22321428571428573 0.8102678571428571 0.022321428571428572 0.04241071428571429
1 0.32589285714285715 0.8024553571428571 0.017857142857142856 0.03794642857142857
1 0.42299107142857145 0.8136160714285714 0.022321428571428572 0.03571428571428571
1 0.5290178571428571 0.8058035714285714 0.026785714285714284 0.03571428571428571
1 0.6439732142857143 0.8147321428571429 0.022321428571428572 0.04017857142857143
1 0.7243303571428571 0.8113839285714286 0.026785714285714284 0.03125
1 0.8091517857142857 0.8113839285714286 0.013392857142857142 0.04241071428571429
1 0.9118303571428571 0.8046875 0.017857142857142856 0.03794642857142857