0 0.09709821428571429 0.5145089285714286 0.06696428571428571 0.6986607142857143
0 0.2109375 0.5904017857142857 0.10267857142857142 0.5535714285714286
0 0.3080357142857143 0.5870535714285714 0.060267857142857144 0.5758928571428571
0 0.4029017857142857 0.5669642857142857 0.06473214285714286 0.6339285714285714
0 0.46205357142857145 0.7087053571428571 0.05133928571428571 0.3638392857142857
0 0.546875 0.5803571428571429 0.046875 0.6160714285714286
0 0.6383928571428571 0.5959821428571429 0.05133928571428571 0.6071428571428571
0 0.7555803571428571 0.5479910714285714 0.11607142857142858 0.6785714285714286
0 0.8225446428571429 0.5881696428571429 0.07589285714285714 0.5982142857142857
0 0.9308035714285714 0.5602678571428571 0.05803571428571429 0.6651785714285714
1 0.109375 0.8370535714285714 0.04017857142857143 0.044642857142857144
1 0.203125 0.8459821428571429 0.024553571428571428 0.03571428571428571
1 0.31138392857142855 0.8448660714285714 0.026785714285714284 0.049107142857142856
1 0.3950892857142857 0.8537946428571429 0.03571428571428571 0.049107142857142856
1 0.45870535714285715 0.8616071428571429 0.03125 0.05580357142857143
1 0.5513392857142857 0.8627232142857143 0.026785714285714284 0.04017857142857143
1 0.6484375 0.8660714285714286 0.026785714285714284 0.0625
1 0.71875 0.8582589285714286 0.03571428571428571 0.049107142857142856
1 0.8381696428571429 0.8671875 0.024553571428571428 0.04017857142857143
1 0.9352678571428571 0.8560267857142857 0.03125 0.06473214285714286