0 0.11272321428571429 0.6294642857142857 0.05803571428571429 0.42410714285714285
0 0.20089285714285715 0.5758928571428571 0.07142857142857142 0.5357142857142857
0 0.3002232142857143 0.6339285714285714 0.049107142857142856 0.42857142857142855
0 0.38392857142857145 0.6774553571428571 0.044642857142857144 0.34375
0 0.46986607142857145 0.6015625 0.05803571428571429 0.5089285714285714
0 0.5569196428571429 0.6763392857142857 0.03571428571428571 0.34151785714285715
0 0.6618303571428571 0.6015625 0.08928571428571429 0.49776785714285715
0 0.71875 0.6897321428571429 0.078125 0.3392857142857143
0 0.8359375 0.6651785714285714 0.08705357142857142 0.3705357142857143
0 0.9386160714285714 0.6328125 0.08928571428571429 0.4330357142857143
1 0.10267857142857142 0.8169642857142857 0.024553571428571428 0.04241071428571429
1 0.22098214285714285 0.8214285714285714 0.022321428571428572 0.04017857142857143
1 0.3046875 0.8292410714285714 0.03125 0.03571428571428571
1 0.39174107142857145 0.8236607142857143 0.022321428571428572 0.04017857142857143
1 0.4810267857142857 0.8325892857142857 0.024553571428571428 0.03794642857142857
1 0.5602678571428571 0.8236607142857143 0.022321428571428572 0.04017857142857143
1 0.6328125 0.8325892857142857 0.024553571428571428 0.033482142857142856
1 0.7444196428571429 0.8303571428571429 0.020089285714285716 0.044642857142857144
1 0.8325892857142857 0.8303571428571429 0.022321428571428572 0.03125
1 0.90625 0.8292410714285714 0.017857142857142856 0.033482142857142856