0 0.4575892857142857 0.08482142857142858 0.5848214285714286 0.049107142857142856
0 0.3794642857142857 0.16294642857142858 0.40848214285714285 0.10267857142857142
0 0.33705357142857145 0.2857142857142857 0.3549107142857143 0.05580357142857143
0 0.3828125 0.38839285714285715 0.45089285714285715 0.05133928571428571
0 0.39174107142857145 0.4720982142857143 0.4732142857142857 0.05803571428571429
0 0.39174107142857145 0.5881696428571429 0.4642857142857143 0.125
0 0.3314732142857143 0.7142857142857143 0.35044642857142855 0.04017857142857143
0 0.34375 0.7957589285714286 0.3950892857142857 0.03571428571428571
0 0.40625 0.875 0.5133928571428571 0.05580357142857143
0 0.3158482142857143 0.9542410714285714 0.3325892857142857 0.05580357142857143
1 0.18973214285714285 0.09263392857142858 0.03125 0.024553571428571428
1 0.19866071428571427 0.19084821428571427 0.03571428571428571 0.022321428571428572
1 0.18415178571428573 0.3002232142857143 0.04017857142857143 0.017857142857142856
1 0.1796875 0.40066964285714285 0.03125 0.017857142857142856
1 0.17857142857142858 0.48995535714285715 0.03125 0.017857142857142856
1 0.18303571428571427 0.6216517857142857 0.03571428571428571 0.017857142857142856
1 0.17745535714285715 0.7154017857142857 0.03571428571428571 0.024553571428571428
1 0.16964285714285715 0.796875 0.03125 0.022321428571428572
1 0.17522321428571427 0.8861607142857143 0.03571428571428571 0.03125
1 0.16629464285714285 0.96875 0.026785714285714284 0.022321428571428572