0 0.11272321428571429 0.40513392857142855 0.06473214285714286 0.42410714285714285
0 0.20424107142857142 0.45870535714285715 0.078125 0.5357142857142857
0 0.29464285714285715 0.46763392857142855 0.05357142857142857 0.5736607142857143
0 0.39620535714285715 0.4174107142857143 0.05803571428571429 0.4955357142857143
0 0.47098214285714285 0.41964285714285715 0.03571428571428571 0.5178571428571429
0 0.5658482142857143 0.36049107142857145 0.05580357142857143 0.4017857142857143
0 0.6383928571428571 0.39620535714285715 0.044642857142857144 0.4732142857142857
0 0.7299107142857143 0.47433035714285715 0.07366071428571429 0.6205357142857143
0 0.828125 0.47879464285714285 0.0625 0.6383928571428571
0 0.8861607142857143 0.4341517857142857 0.06919642857142858 0.5334821428571429
1 0.09486607142857142 0.22433035714285715 0.026785714285714284 0.04017857142857143
1 0.22098214285714285 0.21540178571428573 0.03125 0.04017857142857143
1 0.2890625 0.20424107142857142 0.03125 0.04017857142857143
1 0.38504464285714285 0.19419642857142858 0.022321428571428572 0.04017857142857143
1 0.47098214285714285 0.19754464285714285 0.022321428571428572 0.04241071428571429
1 0.5569196428571429 0.18861607142857142 0.024553571428571428 0.046875
1 0.640625 0.18638392857142858 0.03125 0.04241071428571429
1 0.7087053571428571 0.19084821428571427 0.026785714285714284 0.046875
1 0.8113839285714286 0.18191964285714285 0.026785714285714284 0.04017857142857143