0 0.4330357142857143 0.046875 0.46875 0.05357142857142857
0 0.5066964285714286 0.1171875 0.5803571428571429 0.06919642857142858
0 0.47767857142857145 0.23772321428571427 0.5334821428571429 0.09821428571428571
0 0.4453125 0.35044642857142855 0.4642857142857143 0.06919642857142858
0 0.40401785714285715 0.46651785714285715 0.38839285714285715 0.060267857142857144
0 0.46986607142857145 0.5558035714285714 0.5267857142857143 0.07142857142857142
0 0.4174107142857143 0.6863839285714286 0.4263392857142857 0.07366071428571429
0 0.37388392857142855 0.7522321428571429 0.35267857142857145 0.044642857142857144
0 0.43080357142857145 0.8303571428571429 0.4732142857142857 0.046875
0 0.43080357142857145 0.9084821428571429 0.48660714285714285 0.10044642857142858
1 0.23549107142857142 0.05803571428571429 0.03794642857142857 0.024553571428571428
1 0.24665178571428573 0.13169642857142858 0.04241071428571429 0.026785714285714284
1 0.23995535714285715 0.2611607142857143 0.033482142857142856 0.024553571428571428
1 0.23660714285714285 0.3705357142857143 0.04017857142857143 0.020089285714285716
1 0.22991071428571427 0.4609375 0.03125 0.03125
1 0.23102678571428573 0.5770089285714286 0.03571428571428571 0.022321428571428572
1 0.23325892857142858 0.6662946428571429 0.049107142857142856 0.022321428571428572
1 0.21875 0.7477678571428571 0.03571428571428571 0.022321428571428572
1 0.21540178571428573 0.8359375 0.04017857142857143 0.022321428571428572
1 0.20982142857142858 0.9430803571428571 0.03571428571428571 0.024553571428571428