0 0.5948660714285714 0.11272321428571429 0.42410714285714285 0.06473214285714286
0 0.5412946428571429 0.20424107142857142 0.5357142857142857 0.078125
0 0.5323660714285714 0.29464285714285715 0.5736607142857143 0.05580357142857143
0 0.5825892857142857 0.39620535714285715 0.4955357142857143 0.05803571428571429
0 0.5803571428571429 0.47098214285714285 0.5178571428571429 0.03794642857142857
0 0.6395089285714286 0.5658482142857143 0.4017857142857143 0.05580357142857143
0 0.6037946428571429 0.6383928571428571 0.4732142857142857 0.044642857142857144
0 0.5256696428571429 0.7299107142857143 0.6205357142857143 0.07366071428571429
0 0.5212053571428571 0.828125 0.6383928571428571 0.0625
0 0.5658482142857143 0.8861607142857143 0.5334821428571429 0.06919642857142858
1 0.7756696428571429 0.09486607142857142 0.04017857142857143 0.026785714285714284
1 0.7845982142857143 0.22098214285714285 0.04017857142857143 0.03125
1 0.7957589285714286 0.2890625 0.04017857142857143 0.03125
1 0.8058035714285714 0.38504464285714285 0.04017857142857143 0.022321428571428572
1 0.8024553571428571 0.47098214285714285 0.04241071428571429 0.022321428571428572
1 0.8113839285714286 0.5569196428571429 0.046875 0.024553571428571428
1 0.8136160714285714 0.640625 0.04241071428571429 0.03125
1 0.8091517857142857 0.7087053571428571 0.046875 0.026785714285714284
1 0.8180803571428571 0.8113839285714286 0.04017857142857143 0.026785714285714284