0 0.9196428571428571 0.6238839285714286 0.09821428571428571 0.5267857142857143
0 0.8247767857142857 0.5089285714285714 0.0625 0.7433035714285714
0 0.7433035714285714 0.5803571428571429 0.09598214285714286 0.5848214285714286
0 0.6573660714285714 0.640625 0.05803571428571429 0.4642857142857143
0 0.5558035714285714 0.6071428571428571 0.09821428571428571 0.5602678571428571
0 0.43638392857142855 0.5078125 0.06473214285714286 0.7321428571428571
0 0.36941964285714285 0.546875 0.07366071428571429 0.6674107142857143
0 0.25558035714285715 0.5691964285714286 0.05357142857142857 0.578125
0 0.171875 0.5904017857142857 0.09821428571428571 0.5535714285714286
0 0.06584821428571429 0.5457589285714286 0.13169642857142858 0.6071428571428571
1 0.0703125 0.8180803571428571 0.026785714285714284 0.049107142857142856
1 0.15178571428571427 0.8337053571428571 0.026785714285714284 0.05357142857142857
1 0.24553571428571427 0.8337053571428571 0.029017857142857144 0.04017857142857143
1 0.3549107142857143 0.8470982142857143 0.022321428571428572 0.05580357142857143
1 0.4185267857142857 0.8448660714285714 0.022321428571428572 0.03571428571428571
1 0.5669642857142857 0.8448660714285714 0.026785714285714284 0.049107142857142856
1 0.6473214285714286 0.8392857142857143 0.029017857142857144 0.049107142857142856
1 0.7254464285714286 0.8459821428571429 0.017857142857142856 0.03571428571428571
1 0.8214285714285714 0.8560267857142857 0.022321428571428572 0.04017857142857143