0 0.3705357142857143 0.8872767857142857 0.42410714285714285 0.05803571428571429
0 0.42410714285714285 0.7991071428571429 0.5357142857142857 0.07142857142857142
0 0.36607142857142855 0.6997767857142857 0.42857142857142855 0.049107142857142856
0 0.32254464285714285 0.6160714285714286 0.34375 0.044642857142857144
0 0.3984375 0.5301339285714286 0.5089285714285714 0.05803571428571429
0 0.3236607142857143 0.44308035714285715 0.34151785714285715 0.03571428571428571
0 0.3984375 0.33816964285714285 0.49776785714285715 0.09151785714285714
0 0.31026785714285715 0.28125 0.3392857142857143 0.078125
0 0.33482142857142855 0.1640625 0.3705357142857143 0.08705357142857142
0 0.3671875 0.06138392857142857 0.43526785714285715 0.09151785714285714
1 0.18303571428571427 0.8973214285714286 0.04241071428571429 0.024553571428571428
1 0.17857142857142858 0.7790178571428571 0.04017857142857143 0.022321428571428572
1 0.17075892857142858 0.6953125 0.03571428571428571 0.03125
1 0.17633928571428573 0.6082589285714286 0.04017857142857143 0.022321428571428572
1 0.16741071428571427 0.5189732142857143 0.03794642857142857 0.024553571428571428
1 0.17633928571428573 0.43973214285714285 0.04017857142857143 0.022321428571428572
1 0.16741071428571427 0.3671875 0.033482142857142856 0.024553571428571428
1 0.16964285714285715 0.25558035714285715 0.044642857142857144 0.020089285714285716
1 0.16964285714285715 0.16741071428571427 0.03125 0.022321428571428572
1 0.17075892857142858 0.09375 0.033482142857142856 0.017857142857142856