0 0.0546875 0.6662946428571429 0.109375 0.2924107142857143
0 0.17522321428571427 0.5792410714285714 0.044642857142857144 0.45535714285714285
0 0.2611607142857143 0.5915178571428571 0.05357142857142857 0.41517857142857145
0 0.3716517857142857 0.6026785714285714 0.07142857142857142 0.40625
0 0.4575892857142857 0.5256696428571429 0.0625 0.5446428571428571
0 0.5435267857142857 0.5948660714285714 0.060267857142857144 0.43080357142857145
0 0.6506696428571429 0.6082589285714286 0.08035714285714286 0.41964285714285715
0 0.7388392857142857 0.5837053571428571 0.03571428571428571 0.47098214285714285
0 0.8292410714285714 0.4609375 0.049107142857142856 0.7232142857142857
0 0.9051339285714286 0.5279017857142857 0.10714285714285714 0.5959821428571429
1 0.09598214285714286 0.7868303571428571 0.026785714285714284 0.04017857142857143
1 0.17745535714285715 0.7845982142857143 0.026785714285714284 0.04017857142857143
1 0.26674107142857145 0.7756696428571429 0.022321428571428572 0.044642857142857144
1 0.3671875 0.7823660714285714 0.026785714285714284 0.04241071428571429
1 0.45200892857142855 0.7823660714285714 0.026785714285714284 0.026785714285714284
1 0.5479910714285714 0.7845982142857143 0.026785714285714284 0.03794642857142857
1 0.6305803571428571 0.7801339285714286 0.022321428571428572 0.05357142857142857
1 0.7377232142857143 0.7901785714285714 0.022321428571428572 0.044642857142857144
1 0.8348214285714286 0.7979910714285714 0.026785714285714284 0.03794642857142857
1 0.9084821428571429 0.7991071428571429 0.026785714285714284 0.044642857142857144