0 0.9252232142857143 0.42410714285714285 0.05803571428571429 0.4263392857142857
0 0.8314732142857143 0.44642857142857145 0.049107142857142856 0.45535714285714285
0 0.7421875 0.4810267857142857 0.06919642857142858 0.49776785714285715
0 0.6417410714285714 0.42410714285714285 0.044642857142857144 0.3794642857142857
0 0.546875 0.40513392857142855 0.049107142857142856 0.3392857142857143
0 0.42075892857142855 0.5055803571428571 0.08928571428571429 0.53125
0 0.3314732142857143 0.47433035714285715 0.11160714285714286 0.4732142857142857
0 0.2533482142857143 0.41629464285714285 0.044642857142857144 0.34375
0 0.18638392857142858 0.5111607142857143 0.07589285714285714 0.5535714285714286
0 0.07700892857142858 0.46875 0.05580357142857143 0.4642857142857143
1 0.9107142857142857 0.24441964285714285 0.020089285714285716 0.04017857142857143
1 0.8236607142857143 0.24553571428571427 0.022321428571428572 0.03794642857142857
1 0.7209821428571429 0.25223214285714285 0.020089285714285716 0.033482142857142856
1 0.6395089285714286 0.2578125 0.026785714285714284 0.03571428571428571
1 0.546875 0.25669642857142855 0.022321428571428572 0.04017857142857143
1 0.4497767857142857 0.26339285714285715 0.017857142857142856 0.03794642857142857
1 0.3470982142857143 0.2611607142857143 0.017857142857142856 0.03794642857142857
1 0.24330357142857142 0.26339285714285715 0.017857142857142856 0.029017857142857144
1 0.16517857142857142 0.2622767857142857 0.026785714285714284 0.046875
1 0.07589285714285714 0.26674107142857145 0.022321428571428572 0.044642857142857144