0 0.9140625 0.4252232142857143 0.05803571428571429 0.5446428571428571
0 0.8247767857142857 0.43526785714285715 0.05803571428571429 0.5625
0 0.7756696428571429 0.31919642857142855 0.03794642857142857 0.33035714285714285
0 0.6941964285714286 0.41964285714285715 0.05580357142857143 0.5424107142857143
0 0.5859375 0.4263392857142857 0.08258928571428571 0.53125
0 0.4564732142857143 0.35267857142857145 0.16517857142857142 0.38839285714285715
0 0.33705357142857145 0.4453125 0.07589285714285714 0.5803571428571429
0 0.27120535714285715 0.4185267857142857 0.05803571428571429 0.5178571428571429
0 0.17745535714285715 0.375 0.09821428571428571 0.41517857142857145
0 0.09933035714285714 0.4453125 0.08928571428571429 0.5580357142857143
1 0.9095982142857143 0.18638392857142858 0.022321428571428572 0.05133928571428571
1 0.8337053571428571 0.1796875 0.026785714285714284 0.04017857142857143
1 0.78125 0.18303571428571427 0.024553571428571428 0.03571428571428571
1 0.7020089285714286 0.18415178571428573 0.017857142857142856 0.03794642857142857
1 0.6149553571428571 0.18191964285714285 0.020089285714285716 0.03125
1 0.5223214285714286 0.18526785714285715 0.017857142857142856 0.04241071428571429
1 0.359375 0.18526785714285715 0.022321428571428572 0.03571428571428571
1 0.28348214285714285 0.18303571428571427 0.026785714285714284 0.03125
1 0.1796875 0.19084821428571427 0.024553571428571428 0.049107142857142856
1 0.08258928571428571 0.19419642857142858 0.022321428571428572 0.04241071428571429