0 0.47433035714285715 0.0703125 0.5223214285714286 0.11383928571428571
0 0.35044642857142855 0.17075892857142858 0.27901785714285715 0.0625
0 0.41294642857142855 0.33035714285714285 0.4174107142857143 0.07142857142857142
0 0.41294642857142855 0.40848214285714285 0.4107142857142857 0.05803571428571429
0 0.4966517857142857 0.4921875 0.5803571428571429 0.11830357142857142
0 0.3872767857142857 0.6183035714285714 0.3482142857142857 0.044642857142857144
0 0.484375 0.7165178571428571 0.5245535714285714 0.06696428571428571
0 0.4720982142857143 0.8046875 0.515625 0.09821428571428571
0 0.43526785714285715 0.9207589285714286 0.4174107142857143 0.049107142857142856
1 0.24888392857142858 0.10491071428571429 0.049107142857142856 0.029017857142857144
1 0.2421875 0.18415178571428573 0.049107142857142856 0.022321428571428572
0 0.22351347098214286 0.26238275892857144 0.6895777142857142 0.2600875066964286 0.6905975491071429 0.2608525915178571 0.7018157254464287 0.1414994799107143 0.228612640625 0.2233634732142857 0.22351347098214286 0.26238275892857144
1 0.25 0.24553571428571427 0.04017857142857143 0.029017857142857144
1 0.23772321428571427 0.39285714285714285 0.04017857142857143 0.022321428571428572
1 0.24330357142857142 0.5178571428571429 0.046875 0.026785714285714284
1 0.24330357142857142 0.6127232142857143 0.04017857142857143 0.024553571428571428
1 0.24888392857142858 0.6975446428571429 0.03571428571428571 0.022321428571428572
1 0.2421875 0.8191964285714286 0.04017857142857143 0.033482142857142856
1 0.26004464285714285 0.9207589285714286 0.046875 0.020089285714285716