0 0.04575892857142857 0.6473214285714286 0.044642857142857144 0.41517857142857145
0 0.14174107142857142 0.6361607142857143 0.0625 0.45535714285714285
0 0.25 0.6428571428571429 0.04241071428571429 0.46875
0 0.33705357142857145 0.5758928571428571 0.04017857142857143 0.6071428571428571
0 0.45089285714285715 0.6238839285714286 0.08258928571428571 0.5267857142857143
0 0.5223214285714286 0.6830357142857143 0.03125 0.3950892857142857
0 0.6116071428571429 0.5379464285714286 0.140625 0.6785714285714286
0 0.75 0.6272321428571429 0.03571428571428571 0.5133928571428571
0 0.8537946428571429 0.6015625 0.08928571428571429 0.5625
0 0.9408482142857143 0.6194196428571429 0.08928571428571429 0.4955357142857143
1 0.041294642857142856 0.8314732142857143 0.026785714285714284 0.044642857142857144
1 0.12611607142857142 0.8459821428571429 0.024553571428571428 0.03125
1 0.24665178571428573 0.8482142857142857 0.026785714285714284 0.033482142857142856
1 0.33370535714285715 0.8504464285714286 0.022321428571428572 0.03794642857142857
1 0.42299107142857145 0.8526785714285714 0.022321428571428572 0.04241071428571429
1 0.5245535714285714 0.8526785714285714 0.024553571428571428 0.04017857142857143
1 0.6484375 0.8571428571428571 0.026785714285714284 0.033482142857142856
1 0.7455357142857143 0.8526785714285714 0.022321428571428572 0.04017857142857143
1 0.8292410714285714 0.859375 0.024553571428571428 0.03794642857142857
1 0.9174107142857143 0.8415178571428571 0.022321428571428572 0.03794642857142857