0 0.08035714285714286 0.37611607142857145 0.09821428571428571 0.5267857142857143
0 0.17522321428571427 0.49107142857142855 0.0625 0.7433035714285714
0 0.25669642857142855 0.41964285714285715 0.09598214285714286 0.5848214285714286
0 0.34263392857142855 0.359375 0.05803571428571429 0.4642857142857143
0 0.44419642857142855 0.39285714285714285 0.09821428571428571 0.5602678571428571
0 0.5636160714285714 0.4921875 0.06473214285714286 0.7321428571428571
0 0.6305803571428571 0.453125 0.07366071428571429 0.6674107142857143
0 0.7444196428571429 0.43080357142857145 0.05357142857142857 0.578125
0 0.828125 0.4095982142857143 0.09821428571428571 0.5535714285714286
0 0.9341517857142857 0.45424107142857145 0.13169642857142858 0.6071428571428571
1 0.9296875 0.18191964285714285 0.026785714285714284 0.049107142857142856
1 0.8482142857142857 0.16629464285714285 0.026785714285714284 0.05357142857142857
1 0.7544642857142857 0.16629464285714285 0.029017857142857144 0.04017857142857143
1 0.6450892857142857 0.15290178571428573 0.022321428571428572 0.05803571428571429
1 0.5814732142857143 0.15513392857142858 0.022321428571428572 0.03571428571428571
1 0.4330357142857143 0.15513392857142858 0.026785714285714284 0.049107142857142856
1 0.35267857142857145 0.16071428571428573 0.029017857142857144 0.049107142857142856
1 0.27455357142857145 0.15401785714285715 0.017857142857142856 0.03571428571428571
1 0.17857142857142858 0.14397321428571427 0.022321428571428572 0.04017857142857143