0 0.6104910714285714 0.9285714285714286 0.42857142857142855 0.08035714285714286
0 0.47767857142857145 0.8683035714285714 0.6294642857142857 0.04017857142857143
0 0.4966517857142857 0.7444196428571429 0.5892857142857143 0.125
0 0.4955357142857143 0.6294642857142857 0.5736607142857143 0.10044642857142858
0 0.5546875 0.5524553571428571 0.45535714285714285 0.05803571428571429
0 0.5457589285714286 0.48214285714285715 0.48214285714285715 0.05803571428571429
0 0.5066964285714286 0.3638392857142857 0.59375 0.11607142857142858
0 0.5457589285714286 0.25669642857142855 0.4955357142857143 0.08705357142857142
0 0.4810267857142857 0.18415178571428573 0.625 0.09151785714285714
0 0.5357142857142857 0.06473214285714286 0.5580357142857143 0.0625
1 0.7477678571428571 0.9430803571428571 0.05357142857142857 0.022321428571428572
1 0.7578125 0.8761160714285714 0.044642857142857144 0.017857142857142856
1 0.7533482142857143 0.7857142857142857 0.044642857142857144 0.022321428571428572
1 0.7555803571428571 0.6651785714285714 0.03794642857142857 0.026785714285714284
1 0.7544642857142857 0.5680803571428571 0.04241071428571429 0.022321428571428572
1 0.7633928571428571 0.4765625 0.04017857142857143 0.020089285714285716
1 0.7756696428571429 0.40625 0.03571428571428571 0.022321428571428572
1 0.7723214285714286 0.2857142857142857 0.033482142857142856 0.020089285714285716
1 0.7678571428571429 0.16741071428571427 0.04017857142857143 0.020089285714285716
1 0.7845982142857143 0.07477678571428571 0.03794642857142857 0.022321428571428572