0 0.9029017857142857 0.48549107142857145 0.06696428571428571 0.6986607142857143
0 0.7890625 0.4095982142857143 0.10267857142857142 0.5535714285714286
0 0.6919642857142857 0.41294642857142855 0.060267857142857144 0.5758928571428571
0 0.5970982142857143 0.4330357142857143 0.06473214285714286 0.6339285714285714
0 0.5379464285714286 0.29129464285714285 0.05133928571428571 0.3638392857142857
0 0.453125 0.41964285714285715 0.046875 0.6160714285714286
0 0.36160714285714285 0.40401785714285715 0.05133928571428571 0.6071428571428571
0 0.24441964285714285 0.45200892857142855 0.11607142857142858 0.6785714285714286
0 0.17745535714285715 0.41183035714285715 0.07589285714285714 0.5982142857142857
0 0.06919642857142858 0.43973214285714285 0.05803571428571429 0.6651785714285714
1 0.890625 0.16294642857142858 0.04017857142857143 0.044642857142857144
1 0.796875 0.15401785714285715 0.024553571428571428 0.03571428571428571
1 0.6886160714285714 0.15513392857142858 0.026785714285714284 0.049107142857142856
1 0.6049107142857143 0.14620535714285715 0.03571428571428571 0.049107142857142856
1 0.5412946428571429 0.13839285714285715 0.03125 0.05580357142857143
1 0.4486607142857143 0.13727678571428573 0.026785714285714284 0.04017857142857143
1 0.3515625 0.13392857142857142 0.026785714285714284 0.0625
1 0.28125 0.14174107142857142 0.03571428571428571 0.049107142857142856
1 0.16183035714285715 0.1328125 0.024553571428571428 0.04017857142857143
1 0.06473214285714286 0.14397321428571427 0.03125 0.06473214285714286