0 0.48549107142857145 0.9029017857142857 0.6986607142857143 0.06696428571428571
0 0.4095982142857143 0.7890625 0.5535714285714286 0.10267857142857142
0 0.41294642857142855 0.6919642857142857 0.5758928571428571 0.060267857142857144
0 0.4330357142857143 0.5970982142857143 0.6339285714285714 0.06473214285714286
0 0.29129464285714285 0.5379464285714286 0.3638392857142857 0.05133928571428571
0 0.41964285714285715 0.453125 0.6160714285714286 0.046875
0 0.40401785714285715 0.36160714285714285 0.6071428571428571 0.05133928571428571
0 0.45200892857142855 0.24441964285714285 0.6785714285714286 0.11607142857142858
0 0.41183035714285715 0.17745535714285715 0.5982142857142857 0.07589285714285714
0 0.43973214285714285 0.06919642857142858 0.6651785714285714 0.05803571428571429
1 0.16294642857142858 0.890625 0.044642857142857144 0.04017857142857143
1 0.15401785714285715 0.796875 0.03571428571428571 0.024553571428571428
1 0.15513392857142858 0.6886160714285714 0.049107142857142856 0.026785714285714284
1 0.14620535714285715 0.6049107142857143 0.049107142857142856 0.03571428571428571
1 0.13839285714285715 0.5412946428571429 0.05580357142857143 0.03125
1 0.13727678571428573 0.4486607142857143 0.04017857142857143 0.026785714285714284
1 0.13392857142857142 0.3515625 0.0625 0.026785714285714284
1 0.14174107142857142 0.28125 0.049107142857142856 0.03571428571428571
1 0.1328125 0.16183035714285715 0.04017857142857143 0.024553571428571428
1 0.14397321428571427 0.06473214285714286 0.06473214285714286 0.03125