0 0.5669642857142857 0.046875 0.46875 0.05357142857142857
0 0.49330357142857145 0.1171875 0.5803571428571429 0.06696428571428571
0 0.5223214285714286 0.23772321428571427 0.5334821428571429 0.09821428571428571
0 0.5546875 0.35044642857142855 0.4642857142857143 0.06696428571428571
0 0.5959821428571429 0.46651785714285715 0.38839285714285715 0.060267857142857144
0 0.5301339285714286 0.5558035714285714 0.5267857142857143 0.07142857142857142
0 0.5825892857142857 0.6863839285714286 0.4263392857142857 0.07366071428571429
0 0.6261160714285714 0.7522321428571429 0.35267857142857145 0.044642857142857144
0 0.5691964285714286 0.8303571428571429 0.4732142857142857 0.046875
0 0.5691964285714286 0.9084821428571429 0.48660714285714285 0.10044642857142858
1 0.7645089285714286 0.05803571428571429 0.03794642857142857 0.024553571428571428
1 0.7533482142857143 0.13169642857142858 0.04241071428571429 0.026785714285714284
1 0.7600446428571429 0.2611607142857143 0.033482142857142856 0.022321428571428572
1 0.7633928571428571 0.3705357142857143 0.04017857142857143 0.020089285714285716
1 0.7700892857142857 0.4609375 0.03125 0.03125
1 0.7689732142857143 0.5770089285714286 0.03571428571428571 0.022321428571428572
1 0.7667410714285714 0.6662946428571429 0.049107142857142856 0.022321428571428572
1 0.78125 0.7477678571428571 0.03571428571428571 0.022321428571428572
1 0.7845982142857143 0.8359375 0.04017857142857143 0.022321428571428572
1 0.7901785714285714 0.9430803571428571 0.03571428571428571 0.024553571428571428