0 0.37611607142857145 0.9196428571428571 0.5245535714285714 0.09821428571428571
0 0.49107142857142855 0.8247767857142857 0.7433035714285714 0.0625
0 0.41964285714285715 0.7433035714285714 0.5848214285714286 0.09598214285714286
0 0.359375 0.6573660714285714 0.4642857142857143 0.05803571428571429
0 0.39285714285714285 0.5558035714285714 0.5602678571428571 0.09821428571428571
0 0.4921875 0.43638392857142855 0.7321428571428571 0.06473214285714286
0 0.453125 0.36941964285714285 0.6674107142857143 0.07366071428571429
0 0.43080357142857145 0.25558035714285715 0.578125 0.05357142857142857
0 0.4095982142857143 0.171875 0.5535714285714286 0.10044642857142858
0 0.45424107142857145 0.06584821428571429 0.6071428571428571 0.13169642857142858
1 0.18191964285714285 0.0703125 0.049107142857142856 0.026785714285714284
1 0.16629464285714285 0.15178571428571427 0.05357142857142857 0.026785714285714284
1 0.16629464285714285 0.24553571428571427 0.04017857142857143 0.029017857142857144
1 0.15290178571428573 0.3549107142857143 0.05580357142857143 0.022321428571428572
1 0.15513392857142858 0.4185267857142857 0.03571428571428571 0.022321428571428572
1 0.15513392857142858 0.5669642857142857 0.049107142857142856 0.026785714285714284
1 0.16071428571428573 0.6473214285714286 0.049107142857142856 0.029017857142857144
1 0.15401785714285715 0.7254464285714286 0.03571428571428571 0.017857142857142856
1 0.14397321428571427 0.8214285714285714 0.04017857142857143 0.022321428571428572