0 0.39285714285714285 0.9363839285714286 0.41964285714285715 0.060267857142857144
0 0.3950892857142857 0.8504464285714286 0.41517857142857145 0.05357142857142857
0 0.5100446428571429 0.7611607142857143 0.6473214285714286 0.05803571428571429
0 0.48214285714285715 0.6763392857142857 0.6026785714285714 0.07589285714285714
0 0.44308035714285715 0.5881696428571429 0.5446428571428571 0.060267857142857144
0 0.34263392857142855 0.47767857142857145 0.35714285714285715 0.049107142857142856
0 0.3984375 0.38839285714285715 0.5089285714285714 0.07142857142857142
0 0.3828125 0.27120535714285715 0.4732142857142857 0.08705357142857142
0 0.3314732142857143 0.15736607142857142 0.38839285714285715 0.08035714285714286
0 0.38950892857142855 0.05357142857142857 0.47544642857142855 0.10267857142857142
1 0.20758928571428573 0.9263392857142857 0.04017857142857143 0.024553571428571428
1 0.20758928571428573 0.8515625 0.03125 0.033482142857142856
1 0.20982142857142858 0.765625 0.03571428571428571 0.026785714285714284
1 0.2109375 0.6618303571428571 0.049107142857142856 0.026785714285714284
1 0.19308035714285715 0.5714285714285714 0.03571428571428571 0.022321428571428572
1 0.18415178571428573 0.4720982142857143 0.03125 0.024553571428571428
1 0.17410714285714285 0.38169642857142855 0.04017857142857143 0.022321428571428572
1 0.171875 0.2421875 0.03571428571428571 0.017857142857142856
1 0.16517857142857142 0.16183035714285715 0.03571428571428571 0.029017857142857144
1 0.17522321428571427 0.08258928571428571 0.04241071428571429 0.024553571428571428