0 0.35267857142857145 0.9542410714285714 0.41517857142857145 0.044642857142857144
0 0.3638392857142857 0.8582589285714286 0.453125 0.0625
0 0.35714285714285715 0.75 0.46875 0.04241071428571429
0 0.42410714285714285 0.6629464285714286 0.6071428571428571 0.04017857142857143
0 0.37611607142857145 0.5491071428571429 0.5267857142857143 0.08258928571428571
0 0.3169642857142857 0.47767857142857145 0.3950892857142857 0.03125
0 0.46205357142857145 0.38839285714285715 0.6785714285714286 0.140625
0 0.37276785714285715 0.25 0.5133928571428571 0.03571428571428571
0 0.3984375 0.14620535714285715 0.5647321428571429 0.08928571428571429
0 0.38058035714285715 0.05915178571428571 0.4955357142857143 0.09151785714285714
1 0.16852678571428573 0.9587053571428571 0.044642857142857144 0.026785714285714284
1 0.15401785714285715 0.8738839285714286 0.03125 0.024553571428571428
1 0.15178571428571427 0.7533482142857143 0.033482142857142856 0.026785714285714284
1 0.14955357142857142 0.6662946428571429 0.03794642857142857 0.022321428571428572
1 0.14732142857142858 0.5770089285714286 0.04241071428571429 0.022321428571428572
1 0.14732142857142858 0.47544642857142855 0.04017857142857143 0.024553571428571428
1 0.14285714285714285 0.3515625 0.033482142857142856 0.026785714285714284
1 0.14732142857142858 0.2544642857142857 0.04017857142857143 0.022321428571428572
1 0.140625 0.17075892857142858 0.03794642857142857 0.024553571428571428
1 0.15848214285714285 0.08258928571428571 0.03794642857142857 0.022321428571428572