0 0.38950892857142855 0.07142857142857142 0.43080357142857145 0.08258928571428571
0 0.5223214285714286 0.13169642857142858 0.6294642857142857 0.04241071428571429
0 0.5033482142857143 0.25558035714285715 0.5892857142857143 0.12723214285714285
0 0.5044642857142857 0.3705357142857143 0.5736607142857143 0.10044642857142858
0 0.4453125 0.44754464285714285 0.45535714285714285 0.05803571428571429
0 0.45424107142857145 0.5178571428571429 0.48214285714285715 0.05803571428571429
0 0.49330357142857145 0.6361607142857143 0.59375 0.11607142857142858
0 0.45424107142857145 0.7433035714285714 0.4955357142857143 0.08482142857142858
0 0.5189732142857143 0.8158482142857143 0.625 0.08928571428571429
0 0.4642857142857143 0.9352678571428571 0.5558035714285714 0.0625
1 0.25223214285714285 0.056919642857142856 0.05357142857142857 0.024553571428571428
1 0.2421875 0.12388392857142858 0.044642857142857144 0.017857142857142856
1 0.24665178571428573 0.21428571428571427 0.044642857142857144 0.022321428571428572
1 0.24441964285714285 0.33482142857142855 0.03794642857142857 0.026785714285714284
1 0.24553571428571427 0.43191964285714285 0.04241071428571429 0.022321428571428572
1 0.23660714285714285 0.5234375 0.04017857142857143 0.020089285714285716
1 0.22433035714285715 0.59375 0.03571428571428571 0.022321428571428572
1 0.22767857142857142 0.7142857142857143 0.033482142857142856 0.020089285714285716
1 0.23214285714285715 0.8325892857142857 0.04017857142857143 0.017857142857142856
1 0.21540178571428573 0.9252232142857143 0.03794642857142857 0.022321428571428572