0 0.06584821428571429 0.6272321428571429 0.06919642857142858 0.38839285714285715
0 0.16294642857142858 0.6272321428571429 0.08035714285714286 0.375
0 0.27120535714285715 0.6261160714285714 0.03125 0.38392857142857145
0 0.36495535714285715 0.6361607142857143 0.04241071428571429 0.38392857142857145
0 0.4486607142857143 0.5982142857142857 0.029017857142857144 0.46875
0 0.5446428571428571 0.6584821428571429 0.05357142857142857 0.35267857142857145
0 0.6383928571428571 0.6774553571428571 0.046875 0.32589285714285715
0 0.765625 0.6741071428571429 0.07589285714285714 0.34375
0 0.8381696428571429 0.625 0.044642857142857144 0.4419642857142857
0 0.9486607142857143 0.6450892857142857 0.06919642857142858 0.40625
1 0.18638392857142858 0.7979910714285714 0.020089285714285716 0.03125
1 0.27566964285714285 0.8035714285714286 0.017857142857142856 0.024553571428571428
1 0.3716517857142857 0.8069196428571429 0.022321428571428572 0.033482142857142856
1 0.45089285714285715 0.8058035714285714 0.015625 0.03571428571428571
1 0.5569196428571429 0.8125 0.022321428571428572 0.03125
1 0.6462053571428571 0.8236607142857143 0.020089285714285716 0.026785714285714284
1 0.7421875 0.8214285714285714 0.022321428571428572 0.03571428571428571
1 0.8325892857142857 0.8203125 0.017857142857142856 0.04241071428571429
1 0.9330357142857143 0.8225446428571429 0.026785714285714284 0.04017857142857143