0 0.06361607142857142 0.6071428571428571 0.060267857142857144 0.41964285714285715
0 0.14955357142857142 0.6049107142857143 0.05357142857142857 0.41517857142857145
0 0.23883928571428573 0.48995535714285715 0.05803571428571429 0.6473214285714286
0 0.3236607142857143 0.5178571428571429 0.07589285714285714 0.6026785714285714
0 0.41183035714285715 0.5569196428571429 0.060267857142857144 0.5446428571428571
0 0.5223214285714286 0.6573660714285714 0.049107142857142856 0.35714285714285715
0 0.6116071428571429 0.6015625 0.07142857142857142 0.5089285714285714
0 0.7287946428571429 0.6171875 0.08705357142857142 0.4732142857142857
0 0.8426339285714286 0.6685267857142857 0.08035714285714286 0.38839285714285715
0 0.9464285714285714 0.6104910714285714 0.10267857142857142 0.47544642857142855
1 0.07366071428571429 0.7924107142857143 0.024553571428571428 0.04017857142857143
1 0.1484375 0.7924107142857143 0.033482142857142856 0.03125
1 0.234375 0.7901785714285714 0.026785714285714284 0.03794642857142857
1 0.33816964285714285 0.7890625 0.026785714285714284 0.049107142857142856
1 0.42857142857142855 0.8069196428571429 0.022321428571428572 0.03571428571428571
1 0.5279017857142857 0.8158482142857143 0.024553571428571428 0.03125
1 0.6183035714285714 0.8258928571428571 0.022321428571428572 0.04017857142857143
1 0.7578125 0.828125 0.017857142857142856 0.03794642857142857
1 0.8381696428571429 0.8348214285714286 0.029017857142857144 0.03571428571428571
1 0.9174107142857143 0.8247767857142857 0.024553571428571428 0.04241071428571429