0 0.5424107142857143 0.9151785714285714 0.5848214285714286 0.049107142857142856
0 0.6205357142857143 0.8370535714285714 0.40848214285714285 0.10267857142857142
0 0.6629464285714286 0.7142857142857143 0.3549107142857143 0.05580357142857143
0 0.6171875 0.6116071428571429 0.45089285714285715 0.05133928571428571
0 0.6082589285714286 0.5279017857142857 0.4732142857142857 0.05803571428571429
0 0.6082589285714286 0.41183035714285715 0.4642857142857143 0.125
0 0.6685267857142857 0.2857142857142857 0.35044642857142855 0.04017857142857143
0 0.65625 0.20424107142857142 0.3950892857142857 0.03571428571428571
0 0.59375 0.125 0.5133928571428571 0.05580357142857143
0 0.6841517857142857 0.04575892857142857 0.3325892857142857 0.05580357142857143
1 0.8102678571428571 0.9073660714285714 0.03125 0.024553571428571428
1 0.8013392857142857 0.8091517857142857 0.03571428571428571 0.022321428571428572
1 0.8158482142857143 0.6997767857142857 0.04017857142857143 0.017857142857142856
1 0.8203125 0.5993303571428571 0.03125 0.017857142857142856
1 0.8214285714285714 0.5100446428571429 0.03125 0.017857142857142856
1 0.8169642857142857 0.3783482142857143 0.03571428571428571 0.017857142857142856
1 0.8225446428571429 0.2845982142857143 0.03571428571428571 0.024553571428571428
1 0.8303571428571429 0.203125 0.03125 0.022321428571428572
1 0.8247767857142857 0.11383928571428571 0.03571428571428571 0.03125
1 0.8337053571428571 0.03125 0.026785714285714284 0.022321428571428572