0 0.08258928571428571 0.5390625 0.05357142857142857 0.47767857142857145
0 0.18303571428571427 0.5089285714285714 0.046875 0.53125
0 0.23883928571428573 0.5055803571428571 0.08035714285714286 0.5803571428571429
0 0.3627232142857143 0.515625 0.04017857142857143 0.5803571428571429
0 0.4575892857142857 0.6194196428571429 0.049107142857142856 0.3705357142857143
0 0.5546875 0.5625 0.07142857142857142 0.5
0 0.6506696428571429 0.5680803571428571 0.07589285714285714 0.5267857142857143
0 0.7299107142857143 0.5636160714285714 0.05357142857142857 0.5200892857142857
0 0.8292410714285714 0.5323660714285714 0.09375 0.609375
0 0.9129464285714286 0.5770089285714286 0.08258928571428571 0.5
1 0.08928571428571429 0.7533482142857143 0.026785714285714284 0.049107142857142856
1 0.17745535714285715 0.7511160714285714 0.026785714285714284 0.04017857142857143
1 0.25223214285714285 0.7767857142857143 0.020089285714285716 0.03125
1 0.3671875 0.7779017857142857 0.022321428571428572 0.04241071428571429
1 0.46875 0.78125 0.020089285714285716 0.03571428571428571
1 0.5513392857142857 0.7946428571428571 0.03125 0.03125
1 0.6484375 0.7991071428571429 0.022321428571428572 0.04017857142857143
1 0.7276785714285714 0.8024553571428571 0.022321428571428572 0.03571428571428571
1 0.8024553571428571 0.8080357142857143 0.022321428571428572 0.044642857142857144
1 0.8939732142857143 0.8069196428571429 0.026785714285714284 0.03125