0 0.4609375 0.08258928571428571 0.47767857142857145 0.05357142857142857
0 0.49107142857142855 0.18303571428571427 0.53125 0.046875
0 0.49441964285714285 0.23883928571428573 0.5803571428571429 0.08035714285714286
0 0.484375 0.3627232142857143 0.5803571428571429 0.04241071428571429
0 0.38058035714285715 0.4575892857142857 0.3705357142857143 0.049107142857142856
0 0.4375 0.5546875 0.5 0.07142857142857142
0 0.43191964285714285 0.6506696428571429 0.5267857142857143 0.07589285714285714
0 0.43638392857142855 0.7299107142857143 0.5200892857142857 0.05357142857142857
0 0.46763392857142855 0.8292410714285714 0.609375 0.09375
0 0.42299107142857145 0.9129464285714286 0.5 0.08258928571428571
1 0.24665178571428573 0.08928571428571429 0.049107142857142856 0.026785714285714284
1 0.24888392857142858 0.17745535714285715 0.04017857142857143 0.026785714285714284
1 0.22321428571428573 0.25223214285714285 0.03125 0.020089285714285716
1 0.22209821428571427 0.3671875 0.04241071428571429 0.022321428571428572
1 0.21875 0.46875 0.03571428571428571 0.020089285714285716
1 0.20535714285714285 0.5513392857142857 0.03125 0.03125
1 0.20089285714285715 0.6484375 0.04017857142857143 0.022321428571428572
1 0.19754464285714285 0.7276785714285714 0.03571428571428571 0.022321428571428572
1 0.19196428571428573 0.8024553571428571 0.044642857142857144 0.022321428571428572
1 0.19308035714285715 0.8939732142857143 0.03125 0.026785714285714284