0 0.8727678571428571 0.5892857142857143 0.13392857142857142 0.40625
0 0.7790178571428571 0.5368303571428571 0.05357142857142857 0.5111607142857143
0 0.6852678571428571 0.5758928571428571 0.0625 0.42410714285714285
0 0.5714285714285714 0.5267857142857143 0.08705357142857142 0.5245535714285714
0 0.44419642857142855 0.5245535714285714 0.05803571428571429 0.49776785714285715
0 0.33816964285714285 0.5401785714285714 0.11160714285714286 0.484375
0 0.20089285714285715 0.5479910714285714 0.044642857142857144 0.4375
0 0.07924107142857142 0.4888392857142857 0.07142857142857142 0.5535714285714286
1 0.9263392857142857 0.7667410714285714 0.022321428571428572 0.03125
1 0.7857142857142857 0.765625 0.033482142857142856 0.044642857142857144
1 0.703125 0.7667410714285714 0.020089285714285716 0.03125
1 0.5814732142857143 0.7645089285714286 0.022321428571428572 0.03125
1 0.4564732142857143 0.75 0.020089285714285716 0.033482142857142856
1 0.3783482142857143 0.7533482142857143 0.026785714285714284 0.03571428571428571
1 0.19977678571428573 0.7377232142857143 0.022321428571428572 0.029017857142857144
1 0.060267857142857144 0.7410714285714286 0.022321428571428572 0.03571428571428571