0 0.4252232142857143 0.9553571428571429 0.49330357142857145 0.08928571428571429
0 0.3939732142857143 0.8493303571428571 0.4642857142857143 0.060267857142857144
0 0.375 0.7779017857142857 0.39732142857142855 0.060267857142857144
0 0.38392857142857145 0.6729910714285714 0.4330357142857143 0.11160714285714286
0 0.3125 0.5390625 0.30357142857142855 0.06919642857142858
0 0.3984375 0.43191964285714285 0.48214285714285715 0.09821428571428571
0 0.36160714285714285 0.30691964285714285 0.41517857142857145 0.07589285714285714
0 0.29799107142857145 0.23883928571428573 0.28348214285714285 0.049107142857142856
0 0.38392857142857145 0.12946428571428573 0.47767857142857145 0.08258928571428571
0 0.45200892857142855 0.060267857142857144 0.5892857142857143 0.06696428571428571
1 0.19754464285714285 0.9363839285714286 0.03125 0.026785714285714284
1 0.1953125 0.8671875 0.03125 0.017857142857142856
1 0.1953125 0.7678571428571429 0.029017857142857144 0.022321428571428572
1 0.19196428571428573 0.6484375 0.033482142857142856 0.017857142857142856
1 0.1875 0.5591517857142857 0.03571428571428571 0.020089285714285716
1 0.18861607142857142 0.4654017857142857 0.03125 0.024553571428571428
1 0.17745535714285715 0.32589285714285715 0.029017857142857144 0.020089285714285716
1 0.18303571428571427 0.24888392857142858 0.03125 0.017857142857142856
1 0.17075892857142858 0.15290178571428573 0.03125 0.020089285714285716
1 0.17633928571428573 0.07477678571428571 0.033482142857142856 0.022321428571428572