0 0.5379464285714286 0.08705357142857142 0.3169642857142857 0.03794642857142857
0 0.4877232142857143 0.16964285714285715 0.41964285714285715 0.07589285714285714
0 0.48660714285714285 0.2622767857142857 0.41294642857142855 0.10044642857142858
0 0.46763392857142855 0.3872767857142857 0.47544642857142855 0.125
0 0.47879464285714285 0.515625 0.47767857142857145 0.06696428571428571
0 0.5100446428571429 0.6037946428571429 0.42410714285714285 0.05357142857142857
0 0.5435267857142857 0.6964285714285714 0.35267857142857145 0.06919642857142858
0 0.5513392857142857 0.7834821428571429 0.34375 0.060267857142857144
0 0.49888392857142855 0.8850446428571429 0.4330357142857143 0.06473214285714286
0 0.5089285714285714 0.9520089285714286 0.4263392857142857 0.05803571428571429
1 0.6785714285714286 0.08928571428571429 0.03125 0.020089285714285716
1 0.6696428571428571 0.17745535714285715 0.033482142857142856 0.017857142857142856
1 0.6729910714285714 0.29799107142857145 0.033482142857142856 0.017857142857142856
1 0.6819196428571429 0.41294642857142855 0.03571428571428571 0.024553571428571428
1 0.6908482142857143 0.5078125 0.03571428571428571 0.015625
1 0.6997767857142857 0.6183035714285714 0.03125 0.013392857142857142
1 0.6986607142857143 0.7176339285714286 0.03571428571428571 0.013392857142857142
1 0.6997767857142857 0.7912946428571429 0.03571428571428571 0.024553571428571428
1 0.6930803571428571 0.8727678571428571 0.03125 0.020089285714285716
1 0.6941964285714286 0.9520089285714286 0.033482142857142856 0.020089285714285716