0 0.40401785714285715 0.07366071428571429 0.5625 0.08035714285714286
0 0.359375 0.171875 0.46875 0.07589285714285714
0 0.40066964285714285 0.28125 0.5580357142857143 0.0625
0 0.359375 0.36160714285714285 0.46875 0.03794642857142857
0 0.43191964285714285 0.44642857142857145 0.5959821428571429 0.05357142857142857
0 0.3861607142857143 0.5167410714285714 0.5066964285714286 0.08705357142857142
0 0.38504464285714285 0.6116071428571429 0.4642857142857143 0.05133928571428571
0 0.4174107142857143 0.7433035714285714 0.5535714285714286 0.044642857142857144
0 0.45870535714285715 0.8415178571428571 0.5982142857142857 0.046875
0 0.4609375 0.9453125 0.5892857142857143 0.0625
1 0.15290178571428573 0.09486607142857142 0.03571428571428571 0.022321428571428572
1 0.15401785714285715 0.18080357142857142 0.03571428571428571 0.026785714285714284
1 0.15401785714285715 0.265625 0.033482142857142856 0.020089285714285716
1 0.15736607142857142 0.35714285714285715 0.026785714285714284 0.015625
1 0.16183035714285715 0.44308035714285715 0.03125 0.017857142857142856
1 0.16629464285714285 0.5435267857142857 0.033482142857142856 0.017857142857142856
1 0.17299107142857142 0.6149553571428571 0.022321428571428572 0.022321428571428572
1 0.17075892857142858 0.7388392857142857 0.03125 0.022321428571428572
1 0.18638392857142858 0.8337053571428571 0.033482142857142856 0.017857142857142856
1 0.19084821428571427 0.9285714285714286 0.03125 0.022321428571428572