0 0.9564732142857143 0.5580357142857143 0.046875 0.45535714285714285
0 0.8392857142857143 0.5290178571428571 0.06919642857142858 0.5334821428571429
0 0.6551339285714286 0.5502232142857143 0.07142857142857142 0.5066964285714286
0 0.7198660714285714 0.6428571428571429 0.04241071428571429 0.31026785714285715
0 0.5725446428571429 0.5770089285714286 0.04241071428571429 0.4330357142857143
0 0.46651785714285715 0.5982142857142857 0.06473214285714286 0.375
0 0.35825892857142855 0.59375 0.125 0.40848214285714285
0 0.22767857142857142 0.6127232142857143 0.07142857142857142 0.3705357142857143
0 0.15401785714285715 0.5948660714285714 0.07589285714285714 0.42857142857142855
0 0.06473214285714286 0.6328125 0.049107142857142856 0.3705357142857143
1 0.9486607142857143 0.7578125 0.022321428571428572 0.03571428571428571
1 0.8180803571428571 0.7767857142857143 0.017857142857142856 0.026785714285714284
1 0.7243303571428571 0.7745535714285714 0.020089285714285716 0.03571428571428571
1 0.6372767857142857 0.7790178571428571 0.017857142857142856 0.03571428571428571
1 0.5691964285714286 0.7745535714285714 0.020089285714285716 0.03571428571428571
1 0.47879464285714285 0.7633928571428571 0.022321428571428572 0.04017857142857143
1 0.3158482142857143 0.7779017857142857 0.022321428571428572 0.03125
1 0.24665178571428573 0.7779017857142857 0.022321428571428572 0.033482142857142856
1 0.13392857142857142 0.7890625 0.024553571428571428 0.029017857142857144
1 0.060267857142857144 0.7912946428571429 0.026785714285714284 0.033482142857142856