0 0.07142857142857142 0.38504464285714285 0.06473214285714286 0.4107142857142857
0 0.1796875 0.5055803571428571 0.125 0.6339285714285714
0 0.31919642857142855 0.42745535714285715 0.06696428571428571 0.5022321428571429
0 0.42857142857142855 0.46316964285714285 0.08035714285714286 0.5290178571428571
0 0.5591517857142857 0.44754464285714285 0.15848214285714285 0.5223214285714286
0 0.7008928571428571 0.4107142857142857 0.125 0.44642857142857145
0 0.8258928571428571 0.4799107142857143 0.08705357142857142 0.5848214285714286
0 0.9308035714285714 0.47544642857142855 0.08035714285714286 0.5892857142857143
1 0.22209821428571427 0.20758928571428573 0.022321428571428572 0.03125
1 0.08705357142857142 0.20089285714285715 0.026785714285714284 0.029017857142857144
1 0.33705357142857145 0.21316964285714285 0.020089285714285716 0.044642857142857144
1 0.4486607142857143 0.22767857142857142 0.022321428571428572 0.046875
1 0.6238839285714286 0.20982142857142858 0.022321428571428572 0.04017857142857143
1 0.7377232142857143 0.21428571428571427 0.026785714285714284 0.03794642857142857
1 0.8493303571428571 0.20424107142857142 0.022321428571428572 0.022321428571428572
1 0.9453125 0.20424107142857142 0.026785714285714284 0.04017857142857143