0 0.9553571428571429 0.4252232142857143 0.08928571428571429 0.4955357142857143
0 0.8493303571428571 0.3939732142857143 0.060267857142857144 0.4642857142857143
0 0.7779017857142857 0.375 0.060267857142857144 0.39732142857142855
0 0.6729910714285714 0.38392857142857145 0.11160714285714286 0.4330357142857143
0 0.5390625 0.3125 0.06919642857142858 0.30357142857142855
0 0.43191964285714285 0.3984375 0.09821428571428571 0.48214285714285715
0 0.30691964285714285 0.36160714285714285 0.07589285714285714 0.41517857142857145
0 0.23883928571428573 0.29799107142857145 0.049107142857142856 0.28125
0 0.12946428571428573 0.38392857142857145 0.08035714285714286 0.47767857142857145
0 0.060267857142857144 0.45200892857142855 0.06696428571428571 0.5892857142857143
1 0.9363839285714286 0.19754464285714285 0.026785714285714284 0.03125
1 0.8671875 0.1953125 0.017857142857142856 0.03125
1 0.7678571428571429 0.1953125 0.022321428571428572 0.029017857142857144
1 0.6484375 0.19196428571428573 0.017857142857142856 0.033482142857142856
1 0.5591517857142857 0.1875 0.020089285714285716 0.03571428571428571
1 0.4654017857142857 0.18861607142857142 0.024553571428571428 0.03125
1 0.32589285714285715 0.17745535714285715 0.020089285714285716 0.029017857142857144
1 0.24888392857142858 0.18303571428571427 0.017857142857142856 0.03125
1 0.15290178571428573 0.17075892857142858 0.020089285714285716 0.03125
1 0.07477678571428571 0.17633928571428573 0.022321428571428572 0.033482142857142856