0 0.9319196428571429 0.6037946428571429 0.13392857142857142 0.39732142857142855
0 0.7845982142857143 0.6417410714285714 0.12053571428571429 0.34375
0 0.6551339285714286 0.7087053571428571 0.08035714285714286 0.21875
0 0.5691964285714286 0.6149553571428571 0.08705357142857142 0.4107142857142857
0 0.4966517857142857 0.6428571428571429 0.0625 0.3482142857142857
0 0.3828125 0.6674107142857143 0.09375 0.3236607142857143
0 0.31026785714285715 0.6383928571428571 0.044642857142857144 0.40848214285714285
0 0.22544642857142858 0.6651785714285714 0.044642857142857144 0.3549107142857143
0 0.14732142857142858 0.6674107142857143 0.04017857142857143 0.38392857142857145
0 0.05915178571428571 0.6138392857142857 0.044642857142857144 0.4955357142857143
1 0.8761160714285714 0.7823660714285714 0.020089285714285716 0.03571428571428571
1 0.7488839285714286 0.7890625 0.022321428571428572 0.03125
1 0.6729910714285714 0.7879464285714286 0.022321428571428572 0.03571428571428571
1 0.5859375 0.7935267857142857 0.022321428571428572 0.04017857142857143
1 0.48325892857142855 0.7901785714285714 0.022321428571428572 0.03571428571428571
1 0.3939732142857143 0.8035714285714286 0.020089285714285716 0.03125
1 0.30691964285714285 0.8158482142857143 0.022321428571428572 0.044642857142857144
1 0.21986607142857142 0.8236607142857143 0.022321428571428572 0.033482142857142856
1 0.05357142857142857 0.8415178571428571 0.022321428571428572 0.03125