0 0.9285714285714286 0.6205357142857143 0.10044642857142858 0.39732142857142855
0 0.8147321428571429 0.6439732142857143 0.10267857142857142 0.35044642857142855
0 0.6930803571428571 0.6171875 0.060267857142857144 0.42410714285714285
0 0.6205357142857143 0.6339285714285714 0.03571428571428571 0.36160714285714285
0 0.5323660714285714 0.7098214285714286 0.04017857142857143 0.23660714285714285
0 0.43861607142857145 0.6350446428571429 0.060267857142857144 0.36607142857142855
0 0.36049107142857145 0.5691964285714286 0.0625 0.5133928571428571
0 0.2622767857142857 0.5881696428571429 0.05803571428571429 0.47544642857142855
0 0.15401785714285715 0.5915178571428571 0.09821428571428571 0.4642857142857143
0 0.06138392857142857 0.5982142857142857 0.044642857142857144 0.44419642857142855
1 0.8962053571428571 0.7991071428571429 0.020089285714285716 0.029017857142857144
1 0.7779017857142857 0.7957589285714286 0.017857142857142856 0.033482142857142856
1 0.6964285714285714 0.8035714285714286 0.017857142857142856 0.03125
1 0.6160714285714286 0.7957589285714286 0.020089285714285716 0.03125
1 0.5290178571428571 0.8091517857142857 0.024553571428571428 0.026785714285714284
1 0.45089285714285715 0.8024553571428571 0.017857142857142856 0.026785714285714284
1 0.3482142857142857 0.8113839285714286 0.017857142857142856 0.026785714285714284
1 0.2533482142857143 0.8035714285714286 0.017857142857142856 0.03125
1 0.12165178571428571 0.8080357142857143 0.017857142857142856 0.029017857142857144
1 0.052455357142857144 0.796875 0.022321428571428572 0.033482142857142856