0 0.39620535714285715 0.9319196428571429 0.39732142857142855 0.13392857142857142
0 0.35825892857142855 0.7845982142857143 0.34375 0.12053571428571429
0 0.29129464285714285 0.6551339285714286 0.21875 0.08035714285714286
0 0.38504464285714285 0.5691964285714286 0.4107142857142857 0.08705357142857142
0 0.35714285714285715 0.4966517857142857 0.3482142857142857 0.0625
0 0.3325892857142857 0.3828125 0.3236607142857143 0.09375
0 0.36160714285714285 0.31026785714285715 0.40848214285714285 0.044642857142857144
0 0.33482142857142855 0.22544642857142858 0.3549107142857143 0.044642857142857144
0 0.3325892857142857 0.14732142857142858 0.38392857142857145 0.04017857142857143
0 0.3861607142857143 0.05915178571428571 0.4955357142857143 0.044642857142857144
1 0.21763392857142858 0.8761160714285714 0.03571428571428571 0.020089285714285716
1 0.2109375 0.7488839285714286 0.03125 0.022321428571428572
1 0.21205357142857142 0.6729910714285714 0.03571428571428571 0.022321428571428572
1 0.20647321428571427 0.5859375 0.04017857142857143 0.022321428571428572
1 0.20982142857142858 0.48325892857142855 0.03571428571428571 0.022321428571428572
1 0.19642857142857142 0.3939732142857143 0.03125 0.020089285714285716
1 0.18415178571428573 0.30691964285714285 0.044642857142857144 0.022321428571428572
1 0.17633928571428573 0.21986607142857142 0.033482142857142856 0.022321428571428572
1 0.15848214285714285 0.05357142857142857 0.03125 0.022321428571428572