0 0.052455357142857144 0.5357142857142857 0.03125 0.41517857142857145
0 0.1328125 0.53125 0.03571428571428571 0.39285714285714285
0 0.22767857142857142 0.5457589285714286 0.06696428571428571 0.35714285714285715
0 0.3158482142857143 0.5848214285714286 0.05803571428571429 0.30580357142857145
0 0.40401785714285715 0.5435267857142857 0.05357142857142857 0.40848214285714285
0 0.48549107142857145 0.546875 0.049107142857142856 0.40625
0 0.59375 0.5390625 0.07589285714285714 0.42410714285714285
0 0.6841517857142857 0.5446428571428571 0.05357142857142857 0.41517857142857145
0 0.7935267857142857 0.6294642857142857 0.12053571428571429 0.29910714285714285
0 0.9263392857142857 0.5390625 0.08705357142857142 0.48660714285714285
1 0.056919642857142856 0.7209821428571429 0.015625 0.026785714285714284
1 0.13727678571428573 0.7042410714285714 0.022321428571428572 0.03794642857142857
1 0.23325892857142858 0.7064732142857143 0.026785714285714284 0.03125
1 0.32924107142857145 0.7154017857142857 0.017857142857142856 0.03125
1 0.41294642857142855 0.7299107142857143 0.022321428571428572 0.024553571428571428
1 0.49776785714285715 0.7299107142857143 0.013392857142857142 0.03571428571428571
1 0.5792410714285714 0.7366071428571429 0.017857142857142856 0.026785714285714284
1 0.6986607142857143 0.7377232142857143 0.013392857142857142 0.026785714285714284
1 0.8359375 0.7566964285714286 0.017857142857142856 0.03571428571428571
1 0.9386160714285714 0.765625 0.017857142857142856 0.026785714285714284