0 0.4252232142857143 0.044642857142857144 0.4955357142857143 0.08928571428571429
0 0.3939732142857143 0.15066964285714285 0.4642857142857143 0.060267857142857144
0 0.375 0.22209821428571427 0.39732142857142855 0.060267857142857144
0 0.38392857142857145 0.32700892857142855 0.4330357142857143 0.11160714285714286
0 0.3125 0.4609375 0.30357142857142855 0.06919642857142858
0 0.3984375 0.5680803571428571 0.48214285714285715 0.09821428571428571
0 0.36160714285714285 0.6930803571428571 0.41517857142857145 0.07589285714285714
0 0.29799107142857145 0.7611607142857143 0.28125 0.049107142857142856
0 0.38392857142857145 0.8705357142857143 0.47767857142857145 0.08035714285714286
0 0.45200892857142855 0.9397321428571429 0.5892857142857143 0.06696428571428571
1 0.19754464285714285 0.06361607142857142 0.03125 0.026785714285714284
1 0.1953125 0.1328125 0.03125 0.017857142857142856
1 0.1953125 0.23214285714285715 0.029017857142857144 0.022321428571428572
1 0.19196428571428573 0.3515625 0.033482142857142856 0.017857142857142856
1 0.1875 0.4408482142857143 0.03571428571428571 0.020089285714285716
1 0.18861607142857142 0.5345982142857143 0.03125 0.024553571428571428
1 0.17745535714285715 0.6741071428571429 0.029017857142857144 0.020089285714285716
1 0.18303571428571427 0.7511160714285714 0.03125 0.017857142857142856
1 0.17075892857142858 0.8470982142857143 0.03125 0.020089285714285716
1 0.17633928571428573 0.9252232142857143 0.033482142857142856 0.022321428571428572