0 0.08705357142857142 0.46205357142857145 0.03794642857142857 0.3169642857142857
0 0.16964285714285715 0.5122767857142857 0.07589285714285714 0.41964285714285715
0 0.2622767857142857 0.5133928571428571 0.10044642857142858 0.41294642857142855
0 0.3872767857142857 0.5323660714285714 0.125 0.47544642857142855
0 0.515625 0.5212053571428571 0.06696428571428571 0.47767857142857145
0 0.6037946428571429 0.48995535714285715 0.05357142857142857 0.42410714285714285
0 0.6964285714285714 0.4564732142857143 0.06919642857142858 0.35267857142857145
0 0.7834821428571429 0.4486607142857143 0.060267857142857144 0.34375
0 0.8850446428571429 0.5011160714285714 0.06473214285714286 0.4330357142857143
0 0.9520089285714286 0.49107142857142855 0.05803571428571429 0.4263392857142857
1 0.08928571428571429 0.32142857142857145 0.020089285714285716 0.03125
1 0.17745535714285715 0.33035714285714285 0.017857142857142856 0.033482142857142856
1 0.29799107142857145 0.32700892857142855 0.017857142857142856 0.033482142857142856
1 0.41294642857142855 0.31808035714285715 0.024553571428571428 0.03571428571428571
1 0.5078125 0.3091517857142857 0.015625 0.03571428571428571
1 0.6183035714285714 0.3002232142857143 0.013392857142857142 0.03125
1 0.7176339285714286 0.3013392857142857 0.013392857142857142 0.03571428571428571
1 0.7912946428571429 0.3002232142857143 0.024553571428571428 0.03571428571428571
1 0.8727678571428571 0.30691964285714285 0.020089285714285716 0.03125
1 0.9520089285714286 0.30580357142857145 0.020089285714285716 0.033482142857142856