0 0.3794642857142857 0.07142857142857142 0.39732142857142855 0.10044642857142858
0 0.3560267857142857 0.18526785714285715 0.35044642857142855 0.10267857142857142
0 0.3828125 0.30691964285714285 0.42410714285714285 0.060267857142857144
0 0.36607142857142855 0.3794642857142857 0.36160714285714285 0.03571428571428571
0 0.29017857142857145 0.46763392857142855 0.23660714285714285 0.04017857142857143
0 0.36495535714285715 0.5613839285714286 0.36607142857142855 0.060267857142857144
0 0.43080357142857145 0.6395089285714286 0.5133928571428571 0.0625
0 0.41183035714285715 0.7377232142857143 0.47544642857142855 0.05803571428571429
0 0.40848214285714285 0.8459821428571429 0.4642857142857143 0.09821428571428571
0 0.4017857142857143 0.9386160714285714 0.44419642857142855 0.044642857142857144
1 0.20089285714285715 0.10379464285714286 0.029017857142857144 0.020089285714285716
1 0.20424107142857142 0.22209821428571427 0.033482142857142856 0.017857142857142856
1 0.19642857142857142 0.30357142857142855 0.03125 0.017857142857142856
1 0.20424107142857142 0.38392857142857145 0.03125 0.020089285714285716
1 0.19084821428571427 0.47098214285714285 0.026785714285714284 0.024553571428571428
1 0.19754464285714285 0.5491071428571429 0.026785714285714284 0.017857142857142856
1 0.18861607142857142 0.6517857142857143 0.026785714285714284 0.017857142857142856
1 0.19642857142857142 0.7466517857142857 0.03125 0.017857142857142856
1 0.19196428571428573 0.8783482142857143 0.029017857142857144 0.017857142857142856
1 0.203125 0.9475446428571429 0.033482142857142856 0.022321428571428572