0 0.4642857142857143 0.052455357142857144 0.41517857142857145 0.03125
0 0.46875 0.1328125 0.39285714285714285 0.03571428571428571
0 0.45424107142857145 0.22767857142857142 0.35714285714285715 0.06696428571428571
0 0.41517857142857145 0.3158482142857143 0.30580357142857145 0.05803571428571429
0 0.4564732142857143 0.40401785714285715 0.40848214285714285 0.05357142857142857
0 0.453125 0.48549107142857145 0.40625 0.049107142857142856
0 0.4609375 0.59375 0.42410714285714285 0.07589285714285714
0 0.45535714285714285 0.6841517857142857 0.41517857142857145 0.05357142857142857
0 0.3705357142857143 0.7935267857142857 0.29910714285714285 0.12053571428571429
0 0.4609375 0.9263392857142857 0.48660714285714285 0.08705357142857142
1 0.27901785714285715 0.056919642857142856 0.026785714285714284 0.015625
1 0.29575892857142855 0.13727678571428573 0.03794642857142857 0.022321428571428572
1 0.2935267857142857 0.23325892857142858 0.03125 0.026785714285714284
1 0.2845982142857143 0.32924107142857145 0.033482142857142856 0.017857142857142856
1 0.2700892857142857 0.41294642857142855 0.024553571428571428 0.022321428571428572
1 0.2700892857142857 0.49776785714285715 0.03571428571428571 0.013392857142857142
1 0.26339285714285715 0.5792410714285714 0.026785714285714284 0.017857142857142856
1 0.2622767857142857 0.6986607142857143 0.026785714285714284 0.013392857142857142
1 0.24330357142857142 0.8359375 0.03571428571428571 0.017857142857142856
1 0.234375 0.9386160714285714 0.026785714285714284 0.017857142857142856