0 0.9285714285714286 0.6149553571428571 0.06473214285714286 0.4107142857142857
0 0.8203125 0.49441964285714285 0.125 0.6339285714285714
0 0.6808035714285714 0.5725446428571429 0.06696428571428571 0.5022321428571429
0 0.5714285714285714 0.5368303571428571 0.08035714285714286 0.5290178571428571
0 0.4408482142857143 0.5524553571428571 0.15848214285714285 0.5223214285714286
0 0.29910714285714285 0.5892857142857143 0.125 0.44642857142857145
0 0.17410714285714285 0.5200892857142857 0.08705357142857142 0.5848214285714286
0 0.06919642857142858 0.5245535714285714 0.08035714285714286 0.5892857142857143
1 0.7779017857142857 0.7924107142857143 0.022321428571428572 0.03125
1 0.9129464285714286 0.7991071428571429 0.026785714285714284 0.029017857142857144
1 0.6629464285714286 0.7868303571428571 0.020089285714285716 0.044642857142857144
1 0.5513392857142857 0.7723214285714286 0.022321428571428572 0.046875
1 0.37611607142857145 0.7901785714285714 0.022321428571428572 0.04017857142857143
1 0.2622767857142857 0.7857142857142857 0.026785714285714284 0.03794642857142857
1 0.15066964285714285 0.7957589285714286 0.022321428571428572 0.022321428571428572
1 0.0546875 0.7957589285714286 0.026785714285714284 0.04017857142857143