0 0.4107142857142857 0.12723214285714285 0.40625 0.13392857142857142
0 0.46316964285714285 0.22098214285714285 0.5111607142857143 0.05357142857142857
0 0.42410714285714285 0.31473214285714285 0.42410714285714285 0.0625
0 0.4732142857142857 0.42857142857142855 0.5245535714285714 0.08705357142857142
0 0.47544642857142855 0.5558035714285714 0.49776785714285715 0.05803571428571429
0 0.45982142857142855 0.6618303571428571 0.484375 0.11160714285714286
0 0.45200892857142855 0.7991071428571429 0.4375 0.044642857142857144
0 0.5111607142857143 0.9207589285714286 0.5535714285714286 0.07142857142857142
1 0.23325892857142858 0.07366071428571429 0.03125 0.022321428571428572
1 0.234375 0.21428571428571427 0.044642857142857144 0.033482142857142856
1 0.23325892857142858 0.296875 0.03125 0.020089285714285716
1 0.23549107142857142 0.4185267857142857 0.03125 0.022321428571428572
1 0.25 0.5435267857142857 0.033482142857142856 0.020089285714285716
1 0.24665178571428573 0.6216517857142857 0.03571428571428571 0.026785714285714284
1 0.2622767857142857 0.8002232142857143 0.029017857142857144 0.022321428571428572
1 0.25892857142857145 0.9397321428571429 0.03571428571428571 0.022321428571428572