0 0.4419642857142857 0.9564732142857143 0.45535714285714285 0.046875
0 0.47098214285714285 0.8392857142857143 0.5334821428571429 0.06919642857142858
0 0.4497767857142857 0.6551339285714286 0.5066964285714286 0.07142857142857142
0 0.35714285714285715 0.7198660714285714 0.31026785714285715 0.04241071428571429
0 0.42299107142857145 0.5725446428571429 0.4330357142857143 0.04241071428571429
0 0.4017857142857143 0.46651785714285715 0.375 0.06473214285714286
0 0.40625 0.35825892857142855 0.40848214285714285 0.125
0 0.3872767857142857 0.22767857142857142 0.3705357142857143 0.07142857142857142
0 0.40513392857142855 0.15401785714285715 0.42857142857142855 0.078125
0 0.3671875 0.06473214285714286 0.3705357142857143 0.049107142857142856
1 0.2421875 0.9486607142857143 0.03571428571428571 0.022321428571428572
1 0.22321428571428573 0.8180803571428571 0.026785714285714284 0.017857142857142856
1 0.22544642857142858 0.7243303571428571 0.03571428571428571 0.020089285714285716
1 0.22098214285714285 0.6372767857142857 0.03571428571428571 0.017857142857142856
1 0.22544642857142858 0.5691964285714286 0.03571428571428571 0.020089285714285716
1 0.23660714285714285 0.47879464285714285 0.04017857142857143 0.022321428571428572
1 0.22209821428571427 0.3158482142857143 0.03125 0.022321428571428572
1 0.22209821428571427 0.24665178571428573 0.03125 0.022321428571428572
1 0.2109375 0.13392857142857142 0.029017857142857144 0.024553571428571428
1 0.20870535714285715 0.060267857142857144 0.033482142857142856 0.026785714285714284