0 0.5580357142857143 0.04352678571428571 0.45535714285714285 0.046875
0 0.5290178571428571 0.16071428571428573 0.5334821428571429 0.06919642857142858
0 0.5502232142857143 0.34486607142857145 0.5066964285714286 0.07142857142857142
0 0.6428571428571429 0.28013392857142855 0.31026785714285715 0.04241071428571429
0 0.5770089285714286 0.42745535714285715 0.4330357142857143 0.04241071428571429
0 0.5982142857142857 0.5334821428571429 0.375 0.06473214285714286
0 0.59375 0.6417410714285714 0.40848214285714285 0.125
0 0.6127232142857143 0.7723214285714286 0.3705357142857143 0.07142857142857142
0 0.5948660714285714 0.8459821428571429 0.42857142857142855 0.07589285714285714
0 0.6328125 0.9352678571428571 0.3705357142857143 0.049107142857142856
1 0.7578125 0.05133928571428571 0.03571428571428571 0.022321428571428572
1 0.7767857142857143 0.18191964285714285 0.026785714285714284 0.017857142857142856
1 0.7745535714285714 0.27566964285714285 0.03571428571428571 0.020089285714285716
1 0.7790178571428571 0.3627232142857143 0.03571428571428571 0.017857142857142856
1 0.7745535714285714 0.43080357142857145 0.03571428571428571 0.020089285714285716
1 0.7633928571428571 0.5212053571428571 0.04017857142857143 0.022321428571428572
1 0.7779017857142857 0.6841517857142857 0.03125 0.022321428571428572
1 0.7779017857142857 0.7533482142857143 0.03125 0.022321428571428572
1 0.7890625 0.8660714285714286 0.029017857142857144 0.024553571428571428
1 0.7912946428571429 0.9397321428571429 0.033482142857142856 0.026785714285714284