0 0.46205357142857145 0.9129464285714286 0.31473214285714285 0.03794642857142857
0 0.5122767857142857 0.8303571428571429 0.4174107142857143 0.07589285714285714
0 0.5133928571428571 0.7377232142857143 0.41294642857142855 0.10044642857142858
0 0.5323660714285714 0.6127232142857143 0.47544642857142855 0.125
0 0.5212053571428571 0.484375 0.47767857142857145 0.06696428571428571
0 0.48995535714285715 0.39620535714285715 0.42410714285714285 0.05357142857142857
0 0.4564732142857143 0.30357142857142855 0.35267857142857145 0.06919642857142858
0 0.4486607142857143 0.21651785714285715 0.34375 0.060267857142857144
0 0.5011160714285714 0.11495535714285714 0.4330357142857143 0.06473214285714286
0 0.49107142857142855 0.04799107142857143 0.4263392857142857 0.05803571428571429
1 0.32142857142857145 0.9107142857142857 0.03125 0.020089285714285716
1 0.33035714285714285 0.8225446428571429 0.033482142857142856 0.017857142857142856
1 0.32700892857142855 0.7020089285714286 0.033482142857142856 0.017857142857142856
1 0.31808035714285715 0.5870535714285714 0.03571428571428571 0.024553571428571428
1 0.3091517857142857 0.4921875 0.03571428571428571 0.015625
1 0.3002232142857143 0.38169642857142855 0.03125 0.013392857142857142
1 0.3013392857142857 0.28236607142857145 0.03794642857142857 0.013392857142857142
1 0.3002232142857143 0.20870535714285715 0.03571428571428571 0.024553571428571428
1 0.30691964285714285 0.12723214285714285 0.03125 0.020089285714285716
1 0.30580357142857145 0.04799107142857143 0.033482142857142856 0.020089285714285716