0 0.38504464285714285 0.9285714285714286 0.4107142857142857 0.06473214285714286
0 0.5055803571428571 0.8203125 0.6339285714285714 0.125
0 0.42745535714285715 0.6808035714285714 0.5022321428571429 0.06696428571428571
0 0.46316964285714285 0.5714285714285714 0.5290178571428571 0.08035714285714286
0 0.44754464285714285 0.4408482142857143 0.5223214285714286 0.15848214285714285
0 0.4107142857142857 0.29910714285714285 0.44642857142857145 0.125
0 0.4799107142857143 0.17410714285714285 0.5848214285714286 0.08705357142857142
0 0.47544642857142855 0.06919642857142858 0.5892857142857143 0.08035714285714286
1 0.20758928571428573 0.7779017857142857 0.03125 0.022321428571428572
1 0.20089285714285715 0.9129464285714286 0.029017857142857144 0.026785714285714284
1 0.21316964285714285 0.6629464285714286 0.044642857142857144 0.020089285714285716
1 0.22767857142857142 0.5513392857142857 0.046875 0.022321428571428572
1 0.20982142857142858 0.37611607142857145 0.04241071428571429 0.022321428571428572
1 0.21428571428571427 0.2622767857142857 0.03794642857142857 0.026785714285714284
1 0.20424107142857142 0.15066964285714285 0.022321428571428572 0.022321428571428572
1 0.20424107142857142 0.0546875 0.04017857142857143 0.026785714285714284