0 0.6037946428571429 0.06808035714285714 0.39732142857142855 0.13392857142857142
0 0.6417410714285714 0.21540178571428573 0.34375 0.12053571428571429
0 0.7087053571428571 0.34486607142857145 0.21875 0.08035714285714286
0 0.6149553571428571 0.43080357142857145 0.4107142857142857 0.08705357142857142
0 0.6428571428571429 0.5033482142857143 0.3482142857142857 0.0625
0 0.6674107142857143 0.6171875 0.3236607142857143 0.09375
0 0.6383928571428571 0.6897321428571429 0.40848214285714285 0.044642857142857144
0 0.6651785714285714 0.7745535714285714 0.3549107142857143 0.044642857142857144
0 0.6674107142857143 0.8526785714285714 0.38392857142857145 0.04017857142857143
0 0.6138392857142857 0.9408482142857143 0.4955357142857143 0.044642857142857144
1 0.7823660714285714 0.12388392857142858 0.03571428571428571 0.020089285714285716
1 0.7890625 0.25111607142857145 0.03125 0.022321428571428572
1 0.7879464285714286 0.32700892857142855 0.03571428571428571 0.022321428571428572
1 0.7935267857142857 0.4140625 0.04017857142857143 0.022321428571428572
1 0.7901785714285714 0.5167410714285714 0.03571428571428571 0.022321428571428572
1 0.8035714285714286 0.6060267857142857 0.03125 0.020089285714285716
1 0.8158482142857143 0.6930803571428571 0.044642857142857144 0.022321428571428572
1 0.8236607142857143 0.7801339285714286 0.033482142857142856 0.022321428571428572
1 0.8415178571428571 0.9464285714285714 0.03125 0.022321428571428572