0 0.9263392857142857 0.40401785714285715 0.08035714285714286 0.5625
0 0.828125 0.359375 0.07589285714285714 0.46875
0 0.71875 0.40066964285714285 0.0625 0.5580357142857143
0 0.6383928571428571 0.359375 0.03794642857142857 0.46875
0 0.5535714285714286 0.43191964285714285 0.05357142857142857 0.5959821428571429
0 0.48325892857142855 0.3861607142857143 0.08705357142857142 0.5066964285714286
0 0.38839285714285715 0.38504464285714285 0.05133928571428571 0.4642857142857143
0 0.25669642857142855 0.4174107142857143 0.044642857142857144 0.5535714285714286
0 0.15848214285714285 0.45870535714285715 0.046875 0.5982142857142857
0 0.0546875 0.4609375 0.0625 0.5892857142857143
1 0.9051339285714286 0.15290178571428573 0.022321428571428572 0.03571428571428571
1 0.8191964285714286 0.15401785714285715 0.026785714285714284 0.03571428571428571
1 0.734375 0.15401785714285715 0.020089285714285716 0.033482142857142856
1 0.6428571428571429 0.15736607142857142 0.015625 0.026785714285714284
1 0.5569196428571429 0.16183035714285715 0.017857142857142856 0.03125
1 0.4564732142857143 0.16629464285714285 0.017857142857142856 0.033482142857142856
1 0.38504464285714285 0.17299107142857142 0.022321428571428572 0.022321428571428572
1 0.2611607142857143 0.17075892857142858 0.022321428571428572 0.03125
1 0.16629464285714285 0.18638392857142858 0.017857142857142856 0.033482142857142856
1 0.07142857142857142 0.19084821428571427 0.022321428571428572 0.03125